 z1=A+B

 D=A-B

 E=A*B

 F=A.*B

 G=A./B

 B(:,3)

 A=[A(1,:);A(2,:);[2 1 8];A(3,:)]

 x(3,:)=[1 2 3]

A(2,:)=[]


x=[1 2 1 ;2 1 2;1 2 1]

x =

     1     2     1
     2     1     2
     1     2     1

y=[1 1 1 ;2 2 2;3 3 3]

y =

     1     1     1
     2     2     2
     3     3     3

z1=x+y

z1 =

     2     3     2
     4     3     4
     4     5     4

z1=x+y
z2=x-y
z3=x*y
z4=x.*y
z5=x./y
z6=x(:,3)
x=[x(1,:);x(2,:);[1 1 1];x(3,:)]
x(3,:)=[1 2 3]
